10.9
11
11.1
12.3
12.5
15.2
16.3
17.4
19.9
20
20.1
20.333313
20.433312
21.333313
21.4
21.5
21.7
22.533313
22.6
22.633312
22.7
23.033313
27.333313
27.4
27.433312
27.5
28.1
28.333313
29.8
30.133313
32.7
32.933312
35.433312
35.5
37.933312
38.733313
38.8
39.8
47.433312
47.5
47.6
47.7
47.8
47.9
50.1
50.2
50.3
50.933312
51
51.1
51.2
51.6
51.7
52.433312
52.5
52.6
52.7
52.8
52.933312
53
53.1
53.433312
53.5
53.6
53.7
53.8
53.933312
54
57.8
59.3
59.8
60.7
61.1
62.8
62.9
63
63.1
63.233313
63.4
63.7
63.8
63.9
64.133313
64.233312
64.3
64.6
64.7
67.6
69.3
72.5
73.4
73.433312
89.633313
89.733312
90.233312
93.8
94.233312
94.733312
94.833313
95
95.233312
95.3
101.233312
101.3
102.1
102.233312
102.3
102.733312
102.9
102.933312
103.033313
103.133313
103.4
107.733312
107.8
107.833313
110.033313
110.1
112.733312
117.333313
117.4
119.233312
119.3
119.4
119.533313
119.6
119.933312
120
122.833313
122.9
124.533313
125.833313
126.1
126.233312
126.3
126.533313
126.633313
126.733312
126.8
127.233312
127.3
128.9
134.033312
134.2
134.333313
134.433312
134.533312
135.6
135.7
136.033312
136.1
136.2
137.333313
139.3
140.2
141.533312
141.633313
141.7
141.8
141.933312
142.133313
142.633313
144.233313
144.3
144.433312
144.5
144.733313
144.833313
145.233313
145.733313
146
146.033312
151.633313
152.333313
152.433312
153.233313
154.233313
154.5
154.6
154.733313
155.9
156.933312
160.333313
160.433312
160.533312
160.6
160.7
163.8
165.2
166.433312
166.5
166.6
166.7
166.8
166.9
167
167.1
168.5
170
171.7
173.8
173.9
174
174.1
174.2
174.3
174.433312
177.7
179.2
182.1
182.2
182.233313
182.3
182.5
182.6
182.8
184
184.1
184.3
184.433312
184.5
184.6
186.1
189.733313
189.8
189.9
190
190.033312
195.033312
195.1
196.3
196.4
196.533312
196.6
196.7
196.8
198
199
199.2
199.4
199.533312
199.633313
199.8
199.9
200
200.033312
200.133313
200.2
200.3
200.4
201.433312
201.5
201.6
201.7
203.133313
203.3
203.533312
203.7
203.8
203.933312
204
204.1
206.2
206.3
206.4
206.5
206.6
206.7
209.9
209.933312
210
210.133313
210.2
210.3
210.4
211.5
211.6
214.4
215.1
215.2
215.4
215.5
215.633313
215.7
216.8
217
217.8
217.833313
218.133313
219.9
220.8
221
222.6
222.7
222.8
223.633313
224.7
227.333313
227.733313
227.8
227.9
228
228.1
228.233313
228.3
228.4
228.5
228.6
228.733313
228.8
228.9
229
229.1
229.233313
229.3
229.4
229.5
229.6
229.733313
229.8
229.9
230
230.1
230.9
231
231.1
231.233313
231.3
231.4
231.8
231.9
232
235.2
236.633313
236.7
236.8
236.933312
237
237.1
237.2
237.3
238.8
239.1
239.2
240.1
240.2
240.233313
240.3
240.433312
245.9
246
246.1
246.2
249.633313
249.7
249.8
249.9
253.4
254.3
254.4
254.733313
254.9
255.3
255.9
256.233313
256.3
256.5
256.6
257.1
257.3
257.9
258.133312
258.2
258.3
261.2
261.233313
261.3
261.333313
261.4
262.1
262.2
262.3
262.333313
262.5
262.7
262.8
263
263.1
263.133312
263.2
263.3
263.6
264.5
264.6
265
270.8
271
271.1
271.233313
271.3
271.4
272
276.433312
276.7
276.8
276.9
277.033313
277.9
278.1
278.2
278.3
278.4
278.6
278.7
278.733313
278.9
280.6
282.533313
283
283.1
283.233313
283.3
283.4
283.5
283.6
284.8
284.9
285
285.1
287
287.6
287.7
287.8
287.9
288
288.1
288.2
288.3
288.9
289
289.133312
289.4
289.633312
289.7
289.8
299.233313
301.233313
312.966688
313.033313
313.3
314.133312
314.566688
321.866688
322.9
324.733313
324.8
326.366688
327.533313
327.7
327.8
328.633312
329.033313
329.6
336.966688
337.433312
337.6
337.766687
340.633312
340.733313
342.433312
343.6
343.633312
344.733313
344.766687
344.8
344.9
346.066688
349.1
349.2
349.266687
349.366688
349.533313
350.266687
350.3
352.733313
355.666688
358.166688
360.166688
360.8
364.633312
373.1
373.2
373.433312
373.466688
373.533313
374.466688
374.533313
375.1
375.266687
377.2
377.233313
377.7
380.166688
387.133312
387.233313
388.6
391.1
391.166688
393.166688
393.3
394.133312
395.166688
395.233313
395.566688
396.066688
396.5
396.566688
397.4
397.566688
397.666688
398.4
398.666688
399.566688
399.666688
399.733313
401.933312
402
402.1
402.6
403.466688
403.7
403.766687
403.833313
403.933312
404.333313
405.533313
405.6
405.7
405.933312
406.433312
406.533313
407.033313
407.866688
407.933312
408.266687
408.366688
408.433312
409.266687
409.366688
410.6
416.066688
416.533313
416.6
416.833313
417.933312
420.833313
421.2
421.266687
422.733313
425.233313
439.033313
439.533313
439.8
448.666688
449.1
456.166688
456.233313
456.333313
456.4
458.666688
458.733313
458.9
459.633312
459.8
462.133312
462.8
464.366688
464.466688
465.3
465.366688
465.466688
465.633312
465.8
469.6
469.766687
470.3
470.7
470.8
470.866688
470.966688
474.8
475.266687
475.533313
476.233313
476.966688
477.066688
478.466688
478.633312
478.733313
481.566688
481.633312
481.733313
481.8
481.9
481.966688
482.066688
482.133312
482.233313
482.4
483.466688
483.633312
484.9
485.733313
485.8
486.766687
489.733313
490.566688
491.266687
492.566688
494.5
496.766687
497
497.166688
497.266687
498.766687
510.933312
511.033313
511.1
512.566688
512.733313
512.833313
513.733313
514.066688
519.1
524.266687
529.366688
530.833313
540.2
540.3
542.733313
542.8
544.7
546.633312
546.966688
547
550.933313
553.433313
