0.1
0.166667
1.266667
1.3
1.333333
1.366667
1.5
1.6
1.633333
1.766667
1.8
7.266667
11.6
16.566667
20.233333
25.8
36.966667
37.033333
37.066667
37.2
37.3
37.366667
37.4
41.9
44.233333
47.0
47.033333
47.1
47.966667
48.1
48.233333
48.533333
48.666667
48.966667
49.1
49.533333
49.8
49.866667
49.966667
50.1
50.7
50.833333
51.0
51.133333
51.266667
51.7
51.866667
52.0
52.133333
52.266667
52.866667
53.2
53.266667
53.433333
54.033333
55.033333
55.3
55.433333
55.733333
55.866667
55.9
56.066667
56.166667
56.333333
56.4
56.466667
56.633333
56.866667
57.0
57.333333
57.866667
57.933333
59.633333
59.666667
59.8
59.933333
60.5
60.866667
61.233333
61.5
61.533333
61.7
61.866667
62.0
62.133333
62.566667
63.133333
63.566667
63.633333
63.7
64.0
64.1
64.333333
64.433333
64.466667
64.6
64.866667
66.4
66.433333
66.466667
66.5
66.533333
69.8
71.066667
71.933333
73.366667
75.8
78.6
98.733333
104.266667
107.966667
109.033333
110.666667
110.7
110.766667
110.9
110.933333
110.966667
111.0
113.8
117.433333
117.466667
117.966667
118.4
120.033333
120.533333
120.566667
120.6
120.633333
120.666667
121.566667
121.6
121.633333
122.5
122.533333
123.433333
123.466667
124.333333
125.266667
126.333333
128.2
135.933333
137.566667
139.7
141.566667
143.333333
143.566667
147.466667
151.266667
155.1
159.1
